Sun 1.988544E+30 3.204463590677256E-03 4.351232561956000E-03 -1.523051569416707E-04 -3.247752630095095E-06 6.639307849091208E-06 6.983315302988110E-08
Mercury 3.302E+23 3.506871363362204E-01 -1.661016532891868E-01 -4.595900875777132E-02 6.886982646215184E-03 2.654422257066703E-02 1.536396885808303E-03
Venus 48.685E+23 -6.179487562486199E-01  3.635584731681727E-01  4.061729923328102E-02 -1.021251590504218E-02 -1.760098628528410E-02  3.477534848343928E-04
Earth 5.97219E+24 -9.468687027788806E-01  2.881859785553834E-01 -1.556026008406278E-04 -5.202534745013443E-03 -1.654650491529260E-02  8.447935546588125E-07
Luna 734.9E+20 -9.454152996665353E-01  2.901680937529691E-01 -3.796436391641766E-04 -5.695520042357198E-03 -1.618239515122974E-02 -8.551659516827894E-06
Mars 6.4185E+23 9.099341658974657E-01  1.170097258605321E+00  2.023541883980296E-03 -1.051739787361113E-02  9.792384122843710E-03  4.631758004619789E-04
Jupiter 1898.13E+24 -5.256539771289704E+00 -1.442312811541638E+00  1.235484320756658E-01 1.909221140813639E-03 -6.920456695166465E-03 -1.397742460512221E-05
Saturn 5.68319E+26 -1.543222648442848E+00 -9.925563982522316E+00  2.339959988380058E-01 5.205901909707387E-03 -8.745428792082777E-04 -1.920815761011667E-04
Uranis 86.8103E+24 1.824378711741906E+01  8.042490560133420E+00 -2.064815165125140E-01 -1.615281460033225E-03  3.415551019936190E-03  3.347738145379502E-05
Neptune 102.41E+24 2.840053732570109E+01 -9.503962706422778E+00 -4.588033817985931E-01 9.748527518778776E-04  2.995453078970424E-03 -8.388405171963130E-05
Pluto 1.307E+22 9.853579287193710E+00 -3.178197514531998E+01  5.506412548882765E-01 3.074052512665406E-03  2.865583838988753E-04 -9.179312933759378E-04
